{
 "cells": [
  {
   "cell_type": "code",
   "execution_count": 2,
   "id": "6b779944",
   "metadata": {},
   "outputs": [],
   "source": [
    "##ЗАДАНИЕ 1.1"
   ]
  },
  {
   "cell_type": "code",
   "execution_count": 60,
   "id": "4a3b7ccb",
   "metadata": {},
   "outputs": [],
   "source": [
    "import numpy as np\n",
    "from numpy import linalg as la\n",
    "\n",
    "N = 12\n",
    "n = 52\n",
    "ALPHA = (n - 50) / 100"
   ]
  },
  {
   "cell_type": "code",
   "execution_count": 61,
   "id": "6a3bcb35",
   "metadata": {},
   "outputs": [],
   "source": [
    "A = np.array([\n",
    "    [50 * (1 + 0.5 * N + ALPHA), 50 * (1 + 0.5 * N), 50 * (1 + 0.5 * N)],\n",
    "    [50.1 * (1 + 0.5 * N), 49.9 * (1 + 0.5 * N + ALPHA), 50 * (1 + 0.5 * N)],\n",
    "    [49.9 * (1 + 0.5 * N), 50 * (1 + 0.5 * N), 50.1 * (1 + 0.5 * N + ALPHA)]\n",
    "])\n",
    "b = np.array([50 * (3 + 1.5 * N + ALPHA), 50 * (3 + 1.5 * N + ALPHA), 50 * (3 + 1.5 * N + ALPHA)])\n",
    "b_mistake = np.array([50 * (3 + 1.5 * N + ALPHA) * (1 + 0.01), 50 * (3 + 1.5 * N + ALPHA) * (1 - 0.01), 50 * (3 + 1.5 * N + ALPHA) * (1 + 0.01)])"
   ]
  },
  {
   "cell_type": "code",
   "execution_count": 62,
   "id": "47f11f1f",
   "metadata": {},
   "outputs": [
    {
     "name": "stdout",
     "output_type": "stream",
     "text": [
      "Матрица СЛАУ\n",
      " [[351.    350.    350.   ]\n",
      " [350.7   350.298 350.   ]\n",
      " [349.3   350.    351.702]] \n",
      "Правая часть [1051. 1051. 1051.] Правая часть ошибки\n",
      " [1061.51 1040.49 1061.51]\n"
     ]
    }
   ],
   "source": [
    "print(\"Матрица СЛАУ\\n\", A, \"\\nПравая часть\", b, \"Правая часть ошибки\\n\", b_mistake)"
   ]
  },
  {
   "cell_type": "code",
   "execution_count": 63,
   "id": "910c434c",
   "metadata": {},
   "outputs": [],
   "source": [
    "A_inv = la.inv(A)"
   ]
  },
  {
   "cell_type": "code",
   "execution_count": 64,
   "id": "3649eb17",
   "metadata": {},
   "outputs": [
    {
     "name": "stdout",
     "output_type": "stream",
     "text": [
      "Обратная матрица к А\n",
      " [[ 1.31169874 -1.11544741 -0.1953016 ]\n",
      " [-2.03520261  2.23277106 -0.19661235]\n",
      " [ 0.72261331 -1.11413666  0.39247196]]\n"
     ]
    }
   ],
   "source": [
    "print(\"Обратная матрица к А\\n\", A_inv)"
   ]
  },
  {
   "cell_type": "code",
   "execution_count": 65,
   "id": "6bda4202",
   "metadata": {},
   "outputs": [],
   "source": [
    "A_abs = np.absolute(A)\n",
    "A_inv_abs = np.absolute(A_inv)"
   ]
  },
  {
   "cell_type": "code",
   "execution_count": 66,
   "id": "74a2b27f",
   "metadata": {},
   "outputs": [
    {
     "name": "stdout",
     "output_type": "stream",
     "text": [
      "Модуль элементов A\n",
      " [[351.    350.    350.   ]\n",
      " [350.7   350.298 350.   ]\n",
      " [349.3   350.    351.702]] \n",
      "\n",
      " Модуль элементов обратной к А\n",
      " [[1.31169874 1.11544741 0.1953016 ]\n",
      " [2.03520261 2.23277106 0.19661235]\n",
      " [0.72261331 1.11413666 0.39247196]]\n"
     ]
    }
   ],
   "source": [
    "print(\"Модуль элементов A\\n\", A_abs, \"\\n\\n\", \"Модуль элементов обратной к А\\n\", A_inv_abs)"
   ]
  },
  {
   "cell_type": "code",
   "execution_count": 67,
   "id": "afbcd67d",
   "metadata": {},
   "outputs": [],
   "source": [
    "A_norm = la.norm(A, np.inf)\n",
    "A_inv_norm = la.norm(A_inv, np.inf) \n",
    "cond_A = A_norm * A_inv_norm\n",
    "check_cond_A = la.cond(A, np.inf)"
   ]
  },
  {
   "cell_type": "code",
   "execution_count": 68,
   "id": "774501fc",
   "metadata": {},
   "outputs": [
    {
     "name": "stdout",
     "output_type": "stream",
     "text": [
      "Норма А =  1051.002 \n",
      "Норма обратной матрицы к А =  4.464586029622445\n",
      "Число обусловленности A =  4692.288846305249 \n",
      "Проверка =  4692.288846305249\n"
     ]
    }
   ],
   "source": [
    "print(\"Норма А = \", A_norm, \"\\nНорма обратной матрицы к А = \", A_inv_norm)\n",
    "print(\"Число обусловленности A = \", cond_A, \"\\nПроверка = \", check_cond_A)"
   ]
  },
  {
   "cell_type": "code",
   "execution_count": 73,
   "id": "92a73dfc",
   "metadata": {},
   "outputs": [],
   "source": [
    "x = la.solve(A, b)"
   ]
  },
  {
   "cell_type": "code",
   "execution_count": 77,
   "id": "0477a453",
   "metadata": {},
   "outputs": [
    {
     "name": "stdout",
     "output_type": "stream",
     "text": [
      "Решение СЛАУ\n",
      " [0.99815971 1.00485877 0.99698678]\n"
     ]
    }
   ],
   "source": [
    "print(\"Решение СЛАУ\\n\", x)"
   ]
  },
  {
   "cell_type": "code",
   "execution_count": 78,
   "id": "ddb36860",
   "metadata": {},
   "outputs": [],
   "source": [
    "delta_b = b_mistake - b"
   ]
  },
  {
   "cell_type": "code",
   "execution_count": 79,
   "id": "38e2fd1d",
   "metadata": {},
   "outputs": [
    {
     "name": "stdout",
     "output_type": "stream",
     "text": [
      "Дельта b\n",
      " [ 10.51 -10.51  10.51]\n"
     ]
    }
   ],
   "source": [
    "print(\"Дельта b\\n\", delta_b)"
   ]
  },
  {
   "cell_type": "code",
   "execution_count": 80,
   "id": "4a2479a4",
   "metadata": {},
   "outputs": [],
   "source": [
    "delta_x = np.dot(A_inv, delta_b)"
   ]
  },
  {
   "cell_type": "code",
   "execution_count": 81,
   "id": "e8c45d6e",
   "metadata": {},
   "outputs": [
    {
     "name": "stdout",
     "output_type": "stream",
     "text": [
      "Дельта x\n",
      " [ 23.45668616 -46.92279917  23.42912248]\n"
     ]
    }
   ],
   "source": [
    "print(\"Дельта x\\n\", delta_x)"
   ]
  },
  {
   "cell_type": "code",
   "execution_count": 82,
   "id": "a2e3f294",
   "metadata": {},
   "outputs": [],
   "source": [
    "inac = la.norm(delta_x, np.inf) / la.norm(x, np.inf) "
   ]
  },
  {
   "cell_type": "code",
   "execution_count": 83,
   "id": "5f5dbd7c",
   "metadata": {},
   "outputs": [
    {
     "name": "stdout",
     "output_type": "stream",
     "text": [
      "Погрешность\n",
      " 46.69591461027572\n"
     ]
    }
   ],
   "source": [
    "print(\"Погрешность\\n\", inac)"
   ]
  },
  {
   "cell_type": "code",
   "execution_count": 84,
   "id": "ac5cc16a",
   "metadata": {},
   "outputs": [
    {
     "name": "stdout",
     "output_type": "stream",
     "text": [
      "46.92288846305245\n"
     ]
    }
   ],
   "source": [
    "print(cond_A * la.norm(delta_b, np.inf) / la.norm(b, np.inf))"
   ]
  },
  {
   "cell_type": "code",
   "execution_count": 85,
   "id": "1fac34fe",
   "metadata": {},
   "outputs": [],
   "source": [
    "##ЗАДАНИЕ 1.2"
   ]
  },
  {
   "cell_type": "code",
   "execution_count": 103,
   "id": "f6526507",
   "metadata": {},
   "outputs": [],
   "source": [
    "from numpy.linalg import matrix_power \n",
    "import math\n",
    "import locale\n",
    "\n",
    "N = 12\n",
    "n = 52\n",
    "ALPHA = (60 - n) / 100"
   ]
  },
  {
   "cell_type": "code",
   "execution_count": 106,
   "id": "b5bb47ba",
   "metadata": {},
   "outputs": [
    {
     "name": "stdout",
     "output_type": "stream",
     "text": [
      "A\n",
      "0.00025 & 0.00075 & 0.00125 & 0.00175 & 0.00225 & 0.002749 & 0.003249 & 0.003748 & 0.004247 & 0.004746 \\\\\n",
      "0.00075 & 0.00225 & 0.003748 & 0.005245 & 0.00674 & 0.008231 & 0.009719 & 0.011203 & 0.012681 & 0.014154 \\\\\n",
      "0.00125 & 0.003748 & 0.006242 & 0.008728 & 0.011203 & 0.013664 & 0.016108 & 0.018533 & 0.020936 & 0.023313 \\\\\n",
      "0.00175 & 0.005245 & 0.008728 & 0.012189 & 0.015621 & 0.019016 & 0.022365 & 0.025663 & 0.028902 & 0.032077 \\\\\n",
      "0.00225 & 0.00674 & 0.011203 & 0.015621 & 0.019978 & 0.024257 & 0.028443 & 0.032524 & 0.036488 & 0.040323 \\\\\n",
      "0.002749 & 0.008231 & 0.013664 & 0.019016 & 0.024257 & 0.02936 & 0.034301 & 0.039059 & 0.043618 & 0.047963 \\\\\n",
      "0.003249 & 0.009719 & 0.016108 & 0.022365 & 0.028443 & 0.034301 & 0.039903 & 0.045223 & 0.050239 & 0.054938 \\\\\n",
      "0.003748 & 0.011203 & 0.018533 & 0.025663 & 0.032524 & 0.039059 & 0.045223 & 0.050983 & 0.056319 & 0.061224 \\\\\n",
      "0.004247 & 0.012681 & 0.020936 & 0.028902 & 0.036488 & 0.043618 & 0.050239 & 0.056319 & 0.061846 & 0.066821 \\\\\n",
      "0.004746 & 0.014154 & 0.023313 & 0.032077 & 0.040323 & 0.047963 & 0.054938 & 0.061224 & 0.066821 & 0.071751 \\\\\n",
      "\n",
      "\n",
      "E+lambda*A\n",
      "0.99983 & -0.00051 & -0.00085 & -0.00119 & -0.00153 & -0.00187 & -0.00221 & -0.00255 & -0.00289 & -0.00323 \\\\\n",
      "-0.00051 & 0.99847 & -0.00255 & -0.00357 & -0.00458 & -0.0056 & -0.00661 & -0.00762 & -0.00862 & -0.00962 \\\\\n",
      "-0.00085 & -0.00255 & 0.995756 & -0.00593 & -0.00762 & -0.00929 & -0.01095 & -0.0126 & -0.01424 & -0.01585 \\\\\n",
      "-0.00119 & -0.00357 & -0.00593 & 0.991711 & -0.01062 & -0.01293 & -0.01521 & -0.01745 & -0.01965 & -0.02181 \\\\\n",
      "-0.00153 & -0.00458 & -0.00762 & -0.01062 & 0.986415 & -0.01649 & -0.01934 & -0.02212 & -0.02481 & -0.02742 \\\\\n",
      "-0.00187 & -0.0056 & -0.00929 & -0.01293 & -0.01649 & 0.980035 & -0.02332 & -0.02656 & -0.02966 & -0.03261 \\\\\n",
      "-0.00221 & -0.00661 & -0.01095 & -0.01521 & -0.01934 & -0.02332 & 0.972866 & -0.03075 & -0.03416 & -0.03736 \\\\\n",
      "-0.00255 & -0.00762 & -0.0126 & -0.01745 & -0.02212 & -0.02656 & -0.03075 & 0.965332 & -0.0383 & -0.04163 \\\\\n",
      "-0.00289 & -0.00862 & -0.01424 & -0.01965 & -0.02481 & -0.02966 & -0.03416 & -0.0383 & 0.957945 & -0.04544 \\\\\n",
      "-0.00323 & -0.00962 & -0.01585 & -0.02181 & -0.02742 & -0.03261 & -0.03736 & -0.04163 & -0.04544 & 0.951209 \\\\\n",
      "cheb =  1.18619\n",
      "b = \n",
      "0.983007 \\\\ 0.949189 \\\\ 0.915867 \\\\ 0.883342 \\\\ 0.851878 \\\\ 0.821692 \\\\ 0.792946 \\\\ 0.765753 \\\\ 0.740174 \\\\ 0.716228 \\\\ \n",
      "delta_b = \n",
      "0.00983 \\\\ -0.00949 \\\\ 0.009159 \\\\ -0.00883 \\\\ 0.008519 \\\\ -0.00822 \\\\ 0.007929 \\\\ -0.00766 \\\\ 0.007402 \\\\ -0.00716 \\\\ \n",
      "full_b = \n",
      "0.992837 \\\\ 0.939697 \\\\ 0.925025 \\\\ 0.874508 \\\\ 0.860397 \\\\ 0.813475 \\\\ 0.800876 \\\\ 0.758095 \\\\ 0.747576 \\\\ 0.709066 \\\\ \n",
      "\n",
      "\n",
      "(E+lambda*A)^-1\n",
      "1.000218 & 0.000654 & 0.001088 & 0.00152 & 0.001947 & 0.002371 & 0.002789 & 0.003203 & 0.003611 & 0.004013 \\\\\n",
      "0.000654 & 1.00196 & 0.003261 & 0.004552 & 0.005831 & 0.007096 & 0.008343 & 0.009572 & 0.010782 & 0.011972 \\\\\n",
      "0.001088 & 0.003261 & 1.005422 & 0.007565 & 0.009682 & 0.011769 & 0.013822 & 0.015835 & 0.017807 & 0.019736 \\\\\n",
      "0.00152 & 0.004552 & 0.007565 & 1.010544 & 0.01348 & 0.016361 & 0.019178 & 0.021925 & 0.024596 & 0.027187 \\\\\n",
      "0.001947 & 0.005831 & 0.009682 & 0.01348 & 1.017204 & 0.020839 & 0.02437 & 0.027785 & 0.031074 & 0.03423 \\\\\n",
      "0.002371 & 0.007096 & 0.011769 & 0.016361 & 0.020839 & 1.02518 & 0.029362 & 0.033366 & 0.037179 & 0.040792 \\\\\n",
      "0.002789 & 0.008343 & 0.013822 & 0.019178 & 0.02437 & 0.029362 & 1.034123 & 0.03863 & 0.042867 & 0.046826 \\\\\n",
      "0.003203 & 0.009572 & 0.015835 & 0.021925 & 0.027785 & 0.033366 & 0.03863 & 1.04355 & 0.048112 & 0.052309 \\\\\n",
      "0.003611 & 0.010782 & 0.017807 & 0.024596 & 0.031074 & 0.037179 & 0.042867 & 0.048112 & 1.052902 & 0.057238 \\\\\n",
      "0.004013 & 0.011972 & 0.019736 & 0.027187 & 0.03423 & 0.040792 & 0.046826 & 0.052309 & 0.057238 & 1.061629 \\\\\n",
      "cheb_1 =  1.355933\n",
      "full_x = \n",
      "1.009815 \\\\ 0.990464 \\\\ 1.009086 \\\\ 0.991066 \\\\ 1.008393 \\\\ 0.991633 \\\\ 1.007758 \\\\ 0.992151 \\\\ 1.007193 \\\\ 0.992614 \\\\ \n",
      "delta_x = \n",
      "0.009815 \\\\ -0.00954 \\\\ 0.009086 \\\\ -0.00893 \\\\ 0.008393 \\\\ -0.00837 \\\\ 0.007758 \\\\ -0.00785 \\\\ 0.007193 \\\\ -0.00739 \\\\ \n",
      "\n",
      "\n",
      "B\n",
      "1.007043 & -0.00051 & -0.00086 & -0.0012 & -0.00154 & -0.00188 & -0.00223 & -0.00257 & -0.00291 & -0.00325 \\\\\n",
      "-0.00054 & 1.062545 & -0.00271 & -0.0038 & -0.00488 & -0.00596 & -0.00703 & -0.00811 & -0.00918 & -0.01024 \\\\\n",
      "-0.00092 & -0.00276 & 1.076463 & -0.00642 & -0.00824 & -0.01004 & -0.01184 & -0.01362 & -0.01539 & -0.01714 \\\\\n",
      "-0.00136 & -0.00408 & -0.00679 & 1.134022 & -0.01215 & -0.01479 & -0.01739 & -0.01996 & -0.02247 & -0.02494 \\\\\n",
      "-0.00178 & -0.00533 & -0.00885 & -0.01235 & 1.146465 & -0.01917 & -0.02248 & -0.02571 & -0.02884 & -0.03187 \\\\\n",
      "-0.0023 & -0.00688 & -0.01142 & -0.0159 & -0.02028 & 1.204752 & -0.02867 & -0.03265 & -0.03646 & -0.04009 \\\\\n",
      "-0.00276 & -0.00825 & -0.01368 & -0.01899 & -0.02415 & -0.02912 & 1.214752 & -0.0384 & -0.04266 & -0.04665 \\\\\n",
      "-0.00336 & -0.01005 & -0.01662 & -0.02302 & -0.02917 & -0.03504 & -0.04056 & 1.273364 & -0.05052 & -0.05492 \\\\\n",
      "-0.00386 & -0.01154 & -0.01904 & -0.02629 & -0.03319 & -0.03967 & -0.0457 & -0.05123 & 1.281402 & -0.06078 \\\\\n",
      "-0.00455 & -0.01357 & -0.02236 & -0.03076 & -0.03867 & -0.046 & -0.05269 & -0.05871 & -0.06408 & 1.341496 \\\\\n",
      "\n",
      "\n",
      "B-1\n",
      "0.993054 & 0.000615 & 0.001007 & 0.001329 & 0.001676 & 0.001929 & 0.002234 & 0.002428 & 0.002699 & 0.002846 \\\\\n",
      "0.000649 & 0.941539 & 0.003016 & 0.003981 & 0.005017 & 0.005772 & 0.006682 & 0.007257 & 0.008061 & 0.008489 \\\\\n",
      "0.00108 & 0.003064 & 0.930041 & 0.006615 & 0.008331 & 0.009574 & 0.011069 & 0.012004 & 0.013312 & 0.013994 \\\\\n",
      "0.001509 & 0.004278 & 0.006998 & 0.88373 & 0.011598 & 0.013309 & 0.015359 & 0.016621 & 0.018388 & 0.019278 \\\\\n",
      "0.001934 & 0.00548 & 0.008956 & 0.011788 & 0.8752 & 0.016952 & 0.019518 & 0.021064 & 0.02323 & 0.024271 \\\\\n",
      "0.002354 & 0.006668 & 0.010887 & 0.014307 & 0.01793 & 0.833959 & 0.023515 & 0.025294 & 0.027794 & 0.028924 \\\\\n",
      "0.00277 & 0.00784 & 0.012785 & 0.016771 & 0.020968 & 0.023885 & 0.828204 & 0.029285 & 0.032047 & 0.033203 \\\\\n",
      "0.00318 & 0.008995 & 0.014648 & 0.019174 & 0.023906 & 0.027142 & 0.030938 & 0.791111 & 0.035967 & 0.03709 \\\\\n",
      "0.003585 & 0.010132 & 0.016472 & 0.02151 & 0.026736 & 0.030244 & 0.034332 & 0.036474 & 0.787123 & 0.040586 \\\\\n",
      "0.003984 & 0.011251 & 0.018256 & 0.023775 & 0.029452 & 0.033184 & 0.037502 & 0.039655 & 0.04279 & 0.752765 \\\\\n",
      "x_prime = \n",
      "1.009815 \\\\ 0.990464 \\\\ 1.009086 \\\\ 0.991066 \\\\ 1.008393 \\\\ 0.991633 \\\\ 1.007758 \\\\ 0.992151 \\\\ 1.007193 \\\\ 0.992614 \\\\ \n"
     ]
    }
   ],
   "source": [
    "a = 0\n",
    "b = 1\n",
    "lamb = -ALPHA - 0.6\n",
    "\n",
    "h = (b-a)/10\n",
    "\n",
    "s = []\n",
    "s.append(a + h/2)\n",
    "for i in range(1, 10):\n",
    "    s.append(s[i-1] + h)\n",
    "\n",
    "def myfunc(i, j):\n",
    "    return math.tanh(s[i]*s[j])*h\n",
    "\n",
    "print('A')\n",
    "\n",
    "for i in range(10):\n",
    "    row = ''\n",
    "    for j in range(10):\n",
    "        kek = myfunc(i, j)\n",
    "\n",
    "        if kek > 0:\n",
    "            row += locale.str((round(kek, 6))) + ' & '\n",
    "        else:\n",
    "            row += locale.str((round(kek, 5))) + ' & '\n",
    "    row = row[:-2]\n",
    "    row += '\\\\\\\\'\n",
    "    print(row)\n",
    "print()\n",
    "print()\n",
    "print('E+lambda*A')\n",
    "\n",
    "matrix = np.zeros((10, 10))\n",
    "for i in range(10):\n",
    "    row = ''\n",
    "    for j in range(10):\n",
    "        kek = myfunc(i, j)*lamb\n",
    "        if i==j:\n",
    "            kek += 1\n",
    "        matrix[i][j] = kek\n",
    "        if kek > 0:\n",
    "            row += locale.str((round(kek, 6))) + ' & '\n",
    "        else:\n",
    "            row += locale.str((round(kek, 5))) + ' & '\n",
    "    row = row[:-2]\n",
    "    row += '\\\\\\\\'\n",
    "    print(row)\n",
    "\n",
    "cheb_vector = np.zeros(10)\n",
    "for i in range(10):\n",
    "    for j in range(10):\n",
    "        cheb_vector[i] += abs(matrix[i][j])\n",
    "print('cheb = ', locale.str((round(max(cheb_vector), 6))))\n",
    "\n",
    "\n",
    "a = np.zeros(10)\n",
    "for i in range(10):\n",
    "    a[i] = 1\n",
    "vect_b = np.dot(matrix, a)\n",
    "str = \"\"\n",
    "for x in vect_b:\n",
    "    if x > 0:\n",
    "        str += locale.str(round(x, 6)) + ' \\\\\\\\ '\n",
    "    else:\n",
    "        str += locale.str(round(x, 5)) + ' \\\\\\\\ '\n",
    "print(\"b = \")\n",
    "print(str)\n",
    "\n",
    "delta_b = [1, -1, 1 , -1, 1, -1, 1, -1, 1, -1]\n",
    "for i in range(10):\n",
    "    delta_b[i] = delta_b[i]*vect_b[i]*0.01\n",
    "\n",
    "str = \"\"\n",
    "for x in delta_b:\n",
    "    if x > 0:\n",
    "        str += locale.str(round(x, 6)) + ' \\\\\\\\ '\n",
    "    else:\n",
    "        str += locale.str(round(x, 5)) + ' \\\\\\\\ '\n",
    "print(\"delta_b = \")\n",
    "print(str)\n",
    "\n",
    "b_full = []\n",
    "for i in range(10):\n",
    "    b_full.append(vect_b[i] + delta_b[i])\n",
    "\n",
    "str = \"\"\n",
    "for x in b_full:\n",
    "    if x > 0:\n",
    "        str += locale.str(round(x, 6)) + ' \\\\\\\\ '\n",
    "    else:\n",
    "        str += locale.str(round(x, 5)) + ' \\\\\\\\ '\n",
    "print(\"full_b = \")\n",
    "print(str)\n",
    "matrix_1 = matrix_power(matrix, -1)\n",
    "\n",
    "\n",
    "print()\n",
    "print()\n",
    "print('(E+lambda*A)^-1')\n",
    "for i in range(10):\n",
    "    row = ''\n",
    "    for j in range(10):\n",
    "        kek = matrix_1[i][j]\n",
    "        if kek > 0:\n",
    "            row += locale.str((round(kek, 6))) + ' & '\n",
    "        else:\n",
    "            row += locale.str((round(kek, 5))) + ' & '\n",
    "    row = row[:-2]\n",
    "    row += '\\\\\\\\'\n",
    "    print(row)\n",
    "\n",
    "\n",
    "cheb_vector = np.zeros(10)\n",
    "for i in range(10):\n",
    "    for j in range(10):\n",
    "        cheb_vector[i] += abs(matrix_1[i][j])\n",
    "print('cheb_1 = ', locale.str((round(max(cheb_vector), 6))))\n",
    "\n",
    "\n",
    "full_x = np.dot(matrix_1, b_full)\n",
    "str = \"\"\n",
    "for x in full_x:\n",
    "    if x > 0:\n",
    "        str += locale.str(round(x, 6)) + ' \\\\\\\\ '\n",
    "    else:\n",
    "        str += locale.str(round(x, 5)) + ' \\\\\\\\ '\n",
    "print(\"full_x = \")\n",
    "print(str)\n",
    "\n",
    "delta_x = []\n",
    "for i in range(10):\n",
    "    delta_x.append(full_x[i] - 1)\n",
    "\n",
    "str = \"\"\n",
    "for x in delta_x:\n",
    "    if x > 0:\n",
    "        str += locale.str(round(x, 6)) + ' \\\\\\\\ '\n",
    "    else:\n",
    "        str += locale.str(round(x, 5)) + ' \\\\\\\\ '\n",
    "print(\"delta_x = \")\n",
    "print(str)\n",
    "\n",
    "B = np.zeros((10, 10))\n",
    "for i in range(10):\n",
    "    for j in range(10):\n",
    "        B[i][j] = matrix[i][j]/b_full[i]\n",
    "\n",
    "print()\n",
    "print()\n",
    "print('B')\n",
    "for i in range(10):\n",
    "    row = ''\n",
    "    for j in range(10):\n",
    "        kek = B[i][j]\n",
    "        if kek > 0:\n",
    "            row += locale.str((round(kek, 6))) + ' & '\n",
    "        else:\n",
    "            row += locale.str((round(kek, 5))) + ' & '\n",
    "    row = row[:-2]\n",
    "    row += '\\\\\\\\'\n",
    "    print(row)\n",
    "\n",
    "print()\n",
    "print()\n",
    "print(\"B-1\")\n",
    "B_1 = matrix_power(B, -1)\n",
    "for i in range(10):\n",
    "    row = ''\n",
    "    for j in range(10):\n",
    "        kek = B_1[i][j]\n",
    "        if kek > 0:\n",
    "            row += locale.str((round(kek, 6))) + ' & '\n",
    "        else:\n",
    "            row += locale.str((round(kek, 5))) + ' & '\n",
    "    row = row[:-2]\n",
    "    row += '\\\\\\\\'\n",
    "    print(row)\n",
    "\n",
    "x_prime = np.dot(B_1, a)\n",
    "str = \"\"\n",
    "for x in x_prime:\n",
    "    if x > 0:\n",
    "        str += locale.str(round(x, 6)) + ' \\\\\\\\ '\n",
    "    else:\n",
    "        str += locale.str(round(x, 5)) + ' \\\\\\\\ '\n",
    "print(\"x_prime = \")\n",
    "print(str)"
   ]
  },
  {
   "cell_type": "code",
   "execution_count": null,
   "id": "c7aabb9b",
   "metadata": {},
   "outputs": [],
   "source": []
  },
  {
   "cell_type": "code",
   "execution_count": null,
   "id": "e108a8f9",
   "metadata": {},
   "outputs": [],
   "source": []
  }
 ],
 "metadata": {
  "kernelspec": {
   "display_name": "Python 3 (ipykernel)",
   "language": "python",
   "name": "python3"
  },
  "language_info": {
   "codemirror_mode": {
    "name": "ipython",
    "version": 3
   },
   "file_extension": ".py",
   "mimetype": "text/x-python",
   "name": "python",
   "nbconvert_exporter": "python",
   "pygments_lexer": "ipython3",
   "version": "3.10.4"
  }
 },
 "nbformat": 4,
 "nbformat_minor": 5
}
