{
 "cells": [
  {
   "cell_type": "code",
   "execution_count": 2,
   "id": "6b779944",
   "metadata": {},
   "outputs": [],
   "source": [
    "##ЗАДАНИЕ 1.1"
   ]
  },
  {
   "cell_type": "code",
   "execution_count": 108,
   "id": "4a3b7ccb",
   "metadata": {},
   "outputs": [],
   "source": [
    "import numpy as np\n",
    "from numpy import linalg as la\n",
    "\n",
    "N = 12\n",
    "n = 52\n",
    "ALPHA = (n - 50) / 100"
   ]
  },
  {
   "cell_type": "code",
   "execution_count": 109,
   "id": "6a3bcb35",
   "metadata": {},
   "outputs": [],
   "source": [
    "A = np.array([\n",
    "    [50 * (1 + 0.5 * N + ALPHA), 50 * (1 + 0.5 * N), 50 * (1 + 0.5 * N)],\n",
    "    [50.1 * (1 + 0.5 * N), 49.9 * (1 + 0.5 * N + ALPHA), 50 * (1 + 0.5 * N)],\n",
    "    [49.9 * (1 + 0.5 * N), 50 * (1 + 0.5 * N), 50.1 * (1 + 0.5 * N + ALPHA)]\n",
    "])\n",
    "b = np.array([50 * (3 + 1.5 * N + ALPHA), 50 * (3 + 1.5 * N + ALPHA), 50 * (3 + 1.5 * N + ALPHA)])\n",
    "b_mistake = np.array([50 * (3 + 1.5 * N + ALPHA) * (1 + 0.01), 50 * (3 + 1.5 * N + ALPHA) * (1 - 0.01), 50 * (3 + 1.5 * N + ALPHA) * (1 + 0.01)])"
   ]
  },
  {
   "cell_type": "code",
   "execution_count": 110,
   "id": "47f11f1f",
   "metadata": {},
   "outputs": [
    {
     "name": "stdout",
     "output_type": "stream",
     "text": [
      "Матрица СЛАУ\n",
      " [[351.    350.    350.   ]\n",
      " [350.7   350.298 350.   ]\n",
      " [349.3   350.    351.702]] \n",
      "Правая часть [1051. 1051. 1051.] Правая часть ошибки\n",
      " [1061.51 1040.49 1061.51]\n"
     ]
    }
   ],
   "source": [
    "print(\"Матрица СЛАУ\\n\", A, \"\\nПравая часть\", b, \"Правая часть ошибки\\n\", b_mistake)"
   ]
  },
  {
   "cell_type": "code",
   "execution_count": 111,
   "id": "910c434c",
   "metadata": {},
   "outputs": [],
   "source": [
    "A_inv = la.inv(A)"
   ]
  },
  {
   "cell_type": "code",
   "execution_count": 112,
   "id": "3649eb17",
   "metadata": {},
   "outputs": [
    {
     "name": "stdout",
     "output_type": "stream",
     "text": [
      "Обратная матрица к А\n",
      " [[ 1.31169874 -1.11544741 -0.1953016 ]\n",
      " [-2.03520261  2.23277106 -0.19661235]\n",
      " [ 0.72261331 -1.11413666  0.39247196]]\n"
     ]
    }
   ],
   "source": [
    "print(\"Обратная матрица к А\\n\", A_inv)"
   ]
  },
  {
   "cell_type": "code",
   "execution_count": 113,
   "id": "6bda4202",
   "metadata": {},
   "outputs": [],
   "source": [
    "A_abs = np.absolute(A)\n",
    "A_inv_abs = np.absolute(A_inv)"
   ]
  },
  {
   "cell_type": "code",
   "execution_count": 114,
   "id": "74a2b27f",
   "metadata": {},
   "outputs": [
    {
     "name": "stdout",
     "output_type": "stream",
     "text": [
      "Модуль элементов A\n",
      " [[351.    350.    350.   ]\n",
      " [350.7   350.298 350.   ]\n",
      " [349.3   350.    351.702]] \n",
      "\n",
      " Модуль элементов обратной к А\n",
      " [[1.31169874 1.11544741 0.1953016 ]\n",
      " [2.03520261 2.23277106 0.19661235]\n",
      " [0.72261331 1.11413666 0.39247196]]\n"
     ]
    }
   ],
   "source": [
    "print(\"Модуль элементов A\\n\", A_abs, \"\\n\\n\", \"Модуль элементов обратной к А\\n\", A_inv_abs)"
   ]
  },
  {
   "cell_type": "code",
   "execution_count": 115,
   "id": "afbcd67d",
   "metadata": {},
   "outputs": [],
   "source": [
    "A_norm = la.norm(A, np.inf)\n",
    "A_inv_norm = la.norm(A_inv, np.inf) \n",
    "cond_A = A_norm * A_inv_norm\n",
    "check_cond_A = la.cond(A, np.inf)"
   ]
  },
  {
   "cell_type": "code",
   "execution_count": 116,
   "id": "774501fc",
   "metadata": {},
   "outputs": [
    {
     "name": "stdout",
     "output_type": "stream",
     "text": [
      "Норма А =  1051.002 \n",
      "Норма обратной матрицы к А =  4.464586029622445\n",
      "Число обусловленности A =  4692.288846305249 \n",
      "Проверка =  4692.288846305249\n"
     ]
    }
   ],
   "source": [
    "print(\"Норма А = \", A_norm, \"\\nНорма обратной матрицы к А = \", A_inv_norm)\n",
    "print(\"Число обусловленности A = \", cond_A, \"\\nПроверка = \", check_cond_A)"
   ]
  },
  {
   "cell_type": "code",
   "execution_count": 117,
   "id": "92a73dfc",
   "metadata": {},
   "outputs": [],
   "source": [
    "x = la.solve(A, b)"
   ]
  },
  {
   "cell_type": "code",
   "execution_count": 118,
   "id": "dcbb4505",
   "metadata": {},
   "outputs": [
    {
     "name": "stdout",
     "output_type": "stream",
     "text": [
      "Решение СЛАУ\n",
      " [0.99815971 1.00485877 0.99698678]\n"
     ]
    }
   ],
   "source": [
    "print(\"Решение СЛАУ\\n\", x)"
   ]
  },
  {
   "cell_type": "code",
   "execution_count": 119,
   "id": "0210af1c",
   "metadata": {},
   "outputs": [],
   "source": [
    "delta_b = b_mistake - b"
   ]
  },
  {
   "cell_type": "code",
   "execution_count": 120,
   "id": "23e7a06a",
   "metadata": {},
   "outputs": [
    {
     "name": "stdout",
     "output_type": "stream",
     "text": [
      "Дельта b\n",
      " [ 10.51 -10.51  10.51]\n"
     ]
    }
   ],
   "source": [
    "print(\"Дельта b\\n\", delta_b)"
   ]
  },
  {
   "cell_type": "code",
   "execution_count": 121,
   "id": "61e475ba",
   "metadata": {},
   "outputs": [],
   "source": [
    "delta_x = np.dot(A_inv, delta_b)"
   ]
  },
  {
   "cell_type": "code",
   "execution_count": 122,
   "id": "8eff1bfe",
   "metadata": {},
   "outputs": [
    {
     "name": "stdout",
     "output_type": "stream",
     "text": [
      "Дельта x\n",
      " [ 23.45668616 -46.92279917  23.42912248]\n"
     ]
    }
   ],
   "source": [
    "print(\"Дельта x\\n\", delta_x)"
   ]
  },
  {
   "cell_type": "code",
   "execution_count": 123,
   "id": "41aaefd8",
   "metadata": {},
   "outputs": [],
   "source": [
    "inac = la.norm(delta_x, np.inf) / la.norm(x, np.inf) "
   ]
  },
  {
   "cell_type": "code",
   "execution_count": 124,
   "id": "d05a3c83",
   "metadata": {},
   "outputs": [
    {
     "name": "stdout",
     "output_type": "stream",
     "text": [
      "Погрешность\n",
      " 46.69591461027572\n",
      "Норма х\n",
      " 1.0048587668310967 \n",
      " Норма дельта x\n",
      " 46.92279917133185\n"
     ]
    }
   ],
   "source": [
    "print(\"Погрешность\\n\", inac)\n",
    "print(\"Норма х\\n\", la.norm(x, np.inf), \"\\n\", \"Норма дельта x\\n\", la.norm(delta_x, np.inf))"
   ]
  },
  {
   "cell_type": "code",
   "execution_count": 129,
   "id": "93659d08",
   "metadata": {},
   "outputs": [
    {
     "name": "stdout",
     "output_type": "stream",
     "text": [
      "46.92288846305245\n",
      "4692.288846305249\n",
      "0.009999999999999992\n"
     ]
    }
   ],
   "source": [
    "print(cond_A * la.norm(delta_b, np.inf) / la.norm(b, np.inf))\n",
    "print(cond_A)\n",
    "print(la.norm(delta_b, np.inf) / la.norm(b, np.inf))"
   ]
  },
  {
   "cell_type": "code",
   "execution_count": 126,
   "id": "08332be1",
   "metadata": {},
   "outputs": [],
   "source": [
    "##ЗАДАНИЕ 1.2"
   ]
  },
  {
   "cell_type": "code",
   "execution_count": 103,
   "id": "9f7974a7",
   "metadata": {},
   "outputs": [],
   "source": [
    "from numpy.linalg import matrix_power \n",
    "import math\n",
    "import locale\n",
    "\n",
    "N = 12\n",
    "n = 52\n",
    "ALPHA = (60 - n) / 100"
   ]
  },
  {
   "cell_type": "code",
   "execution_count": 130,
   "id": "b2579123",
   "metadata": {},
   "outputs": [
    {
     "name": "stdout",
     "output_type": "stream",
     "text": [
      "-0.62\n",
      "A\n",
      "0.00025 & 0.00075 & 0.00125 & 0.00175 & 0.00225 & 0.002749 & 0.003249 & 0.003748 & 0.004247 & 0.004746 \\\\\n",
      "0.00075 & 0.00225 & 0.003748 & 0.005245 & 0.00674 & 0.008231 & 0.009719 & 0.011203 & 0.012681 & 0.014154 \\\\\n",
      "0.00125 & 0.003748 & 0.006242 & 0.008728 & 0.011203 & 0.013664 & 0.016108 & 0.018533 & 0.020936 & 0.023313 \\\\\n",
      "0.00175 & 0.005245 & 0.008728 & 0.012189 & 0.015621 & 0.019016 & 0.022365 & 0.025663 & 0.028902 & 0.032077 \\\\\n",
      "0.00225 & 0.00674 & 0.011203 & 0.015621 & 0.019978 & 0.024257 & 0.028443 & 0.032524 & 0.036488 & 0.040323 \\\\\n",
      "0.002749 & 0.008231 & 0.013664 & 0.019016 & 0.024257 & 0.02936 & 0.034301 & 0.039059 & 0.043618 & 0.047963 \\\\\n",
      "0.003249 & 0.009719 & 0.016108 & 0.022365 & 0.028443 & 0.034301 & 0.039903 & 0.045223 & 0.050239 & 0.054938 \\\\\n",
      "0.003748 & 0.011203 & 0.018533 & 0.025663 & 0.032524 & 0.039059 & 0.045223 & 0.050983 & 0.056319 & 0.061224 \\\\\n",
      "0.004247 & 0.012681 & 0.020936 & 0.028902 & 0.036488 & 0.043618 & 0.050239 & 0.056319 & 0.061846 & 0.066821 \\\\\n",
      "0.004746 & 0.014154 & 0.023313 & 0.032077 & 0.040323 & 0.047963 & 0.054938 & 0.061224 & 0.066821 & 0.071751 \\\\\n",
      "\n",
      "\n",
      "E+lambda*A\n",
      "0.999845 & -0.00046 & -0.00077 & -0.00108 & -0.00139 & -0.0017 & -0.00201 & -0.00232 & -0.00263 & -0.00294 \\\\\n",
      "-0.00046 & 0.998605 & -0.00232 & -0.00325 & -0.00418 & -0.0051 & -0.00603 & -0.00695 & -0.00786 & -0.00878 \\\\\n",
      "-0.00077 & -0.00232 & 0.99613 & -0.00541 & -0.00695 & -0.00847 & -0.00999 & -0.01149 & -0.01298 & -0.01445 \\\\\n",
      "-0.00108 & -0.00325 & -0.00541 & 0.992443 & -0.00969 & -0.01179 & -0.01387 & -0.01591 & -0.01792 & -0.01989 \\\\\n",
      "-0.00139 & -0.00418 & -0.00695 & -0.00969 & 0.987614 & -0.01504 & -0.01763 & -0.02017 & -0.02262 & -0.025 \\\\\n",
      "-0.0017 & -0.0051 & -0.00847 & -0.01179 & -0.01504 & 0.981797 & -0.02127 & -0.02422 & -0.02704 & -0.02974 \\\\\n",
      "-0.00201 & -0.00603 & -0.00999 & -0.01387 & -0.01763 & -0.02127 & 0.97526 & -0.02804 & -0.03115 & -0.03406 \\\\\n",
      "-0.00232 & -0.00695 & -0.01149 & -0.01591 & -0.02017 & -0.02422 & -0.02804 & 0.968391 & -0.03492 & -0.03796 \\\\\n",
      "-0.00263 & -0.00786 & -0.01298 & -0.01792 & -0.02262 & -0.02704 & -0.03115 & -0.03492 & 0.961656 & -0.04143 \\\\\n",
      "-0.00294 & -0.00878 & -0.01445 & -0.01989 & -0.025 & -0.02974 & -0.03406 & -0.03796 & -0.04143 & 0.955514 \\\\\n",
      "cheb =  1.169761\n",
      "b = \n",
      "0.984506 \\\\ 0.953672 \\\\ 0.92329 \\\\ 0.893635 \\\\ 0.864948 \\\\ 0.837425 \\\\ 0.811216 \\\\ 0.786422 \\\\ 0.7631 \\\\ 0.741267 \\\\ \n",
      "delta_b = \n",
      "0.009845 \\\\ -0.00954 \\\\ 0.009233 \\\\ -0.00894 \\\\ 0.008649 \\\\ -0.00837 \\\\ 0.008112 \\\\ -0.00786 \\\\ 0.007631 \\\\ -0.00741 \\\\ \n",
      "full_b = \n",
      "0.994351 \\\\ 0.944136 \\\\ 0.932523 \\\\ 0.884699 \\\\ 0.873597 \\\\ 0.829051 \\\\ 0.819328 \\\\ 0.778558 \\\\ 0.770731 \\\\ 0.733854 \\\\ \n",
      "\n",
      "\n",
      "(E+lambda*A)^-1\n",
      "1.000194 & 0.000582 & 0.000969 & 0.001353 & 0.001734 & 0.002112 & 0.002486 & 0.002856 & 0.003221 & 0.003581 \\\\\n",
      "0.000582 & 1.001745 & 0.002903 & 0.004053 & 0.005193 & 0.006321 & 0.007436 & 0.008534 & 0.009617 & 0.010684 \\\\\n",
      "0.000969 & 0.002903 & 1.004827 & 0.006736 & 0.008624 & 0.010486 & 0.012319 & 0.014118 & 0.015883 & 0.017611 \\\\\n",
      "0.001353 & 0.004053 & 0.006736 & 1.009391 & 0.012008 & 0.014578 & 0.017094 & 0.019548 & 0.021938 & 0.024257 \\\\\n",
      "0.001734 & 0.005193 & 0.008624 & 0.012008 & 1.015329 & 0.018571 & 0.021723 & 0.024773 & 0.027713 & 0.030537 \\\\\n",
      "0.002112 & 0.006321 & 0.010486 & 0.014578 & 0.018571 & 1.022443 & 0.026174 & 0.029749 & 0.033155 & 0.036385 \\\\\n",
      "0.002486 & 0.007436 & 0.012319 & 0.017094 & 0.021723 & 0.026174 & 1.030421 & 0.034443 & 0.038225 & 0.041759 \\\\\n",
      "0.002856 & 0.008534 & 0.014118 & 0.019548 & 0.024773 & 0.029749 & 0.034443 & 1.03883 & 0.042897 & 0.046638 \\\\\n",
      "0.003221 & 0.009617 & 0.015883 & 0.021938 & 0.027713 & 0.033155 & 0.038225 & 0.042897 & 1.047162 & 0.051021 \\\\\n",
      "0.003581 & 0.010684 & 0.017611 & 0.024257 & 0.030537 & 0.036385 & 0.041759 & 0.046638 & 0.051021 & 1.054922 \\\\\n",
      "cheb_1 =  1.317395\n",
      "full_x = \n",
      "1.009831 \\\\ 0.990422 \\\\ 1.009165 \\\\ 0.990971 \\\\ 1.008533 \\\\ 0.991487 \\\\ 1.007953 \\\\ 0.991959 \\\\ 1.007438 \\\\ 0.99238 \\\\ \n",
      "delta_x = \n",
      "0.009831 \\\\ -0.00958 \\\\ 0.009165 \\\\ -0.00903 \\\\ 0.008533 \\\\ -0.00851 \\\\ 0.007953 \\\\ -0.00804 \\\\ 0.007438 \\\\ -0.00762 \\\\ \n",
      "\n",
      "\n",
      "B\n",
      "1.005525 & -0.00047 & -0.00078 & -0.00109 & -0.0014 & -0.00171 & -0.00203 & -0.00234 & -0.00265 & -0.00296 \\\\\n",
      "-0.00049 & 1.057692 & -0.00246 & -0.00344 & -0.00443 & -0.00541 & -0.00638 & -0.00736 & -0.00833 & -0.00929 \\\\\n",
      "-0.00083 & -0.00249 & 1.068209 & -0.0058 & -0.00745 & -0.00908 & -0.01071 & -0.01232 & -0.01392 & -0.0155 \\\\\n",
      "-0.00123 & -0.00368 & -0.00612 & 1.121786 & -0.01095 & -0.01333 & -0.01567 & -0.01798 & -0.02025 & -0.02248 \\\\\n",
      "-0.0016 & -0.00478 & -0.00795 & -0.01109 & 1.130514 & -0.01722 & -0.02019 & -0.02308 & -0.0259 & -0.02862 \\\\\n",
      "-0.00206 & -0.00616 & -0.01022 & -0.01422 & -0.01814 & 1.184242 & -0.02565 & -0.02921 & -0.03262 & -0.03587 \\\\\n",
      "-0.00246 & -0.00735 & -0.01219 & -0.01692 & -0.02152 & -0.02596 & 1.190317 & -0.03422 & -0.03802 & -0.04157 \\\\\n",
      "-0.00298 & -0.00892 & -0.01476 & -0.02044 & -0.0259 & -0.0311 & -0.03601 & 1.243826 & -0.04485 & -0.04876 \\\\\n",
      "-0.00342 & -0.0102 & -0.01684 & -0.02325 & -0.02935 & -0.03509 & -0.04041 & -0.04531 & 1.24772 & -0.05375 \\\\\n",
      "-0.00401 & -0.01196 & -0.0197 & -0.0271 & -0.03407 & -0.04052 & -0.04642 & -0.05173 & -0.05645 & 1.302049 \\\\\n",
      "\n",
      "\n",
      "B-1\n",
      "0.994545 & 0.00055 & 0.000903 & 0.001197 & 0.001515 & 0.001751 & 0.002037 & 0.002223 & 0.002482 & 0.002628 \\\\\n",
      "0.000579 & 0.945783 & 0.002707 & 0.003586 & 0.004537 & 0.005241 & 0.006092 & 0.006645 & 0.007412 & 0.007841 \\\\\n",
      "0.000963 & 0.002741 & 0.937025 & 0.005959 & 0.007534 & 0.008694 & 0.010093 & 0.010992 & 0.012241 & 0.012924 \\\\\n",
      "0.001345 & 0.003827 & 0.006282 & 0.893007 & 0.01049 & 0.012086 & 0.014005 & 0.01522 & 0.016908 & 0.017801 \\\\\n",
      "0.001725 & 0.004903 & 0.008042 & 0.010623 & 0.886988 & 0.015397 & 0.017798 & 0.019287 & 0.021359 & 0.02241 \\\\\n",
      "0.0021 & 0.005968 & 0.009779 & 0.012897 & 0.016224 & 0.847657 & 0.021445 & 0.023161 & 0.025554 & 0.026701 \\\\\n",
      "0.002472 & 0.00702 & 0.011487 & 0.015123 & 0.018977 & 0.0217 & 0.844253 & 0.026816 & 0.029461 & 0.030645 \\\\\n",
      "0.002839 & 0.008058 & 0.013166 & 0.017295 & 0.021642 & 0.024664 & 0.02822 & 0.808789 & 0.033062 & 0.034226 \\\\\n",
      "0.003202 & 0.00908 & 0.014811 & 0.019408 & 0.02421 & 0.027488 & 0.031319 & 0.033398 & 0.80708 & 0.037442 \\\\\n",
      "0.003561 & 0.010087 & 0.016422 & 0.02146 & 0.026677 & 0.030165 & 0.034214 & 0.036311 & 0.039324 & 0.774159 \\\\\n",
      "x_prime = \n",
      "1.009831 \\\\ 0.990422 \\\\ 1.009165 \\\\ 0.990971 \\\\ 1.008533 \\\\ 0.991487 \\\\ 1.007953 \\\\ 0.991959 \\\\ 1.007438 \\\\ 0.99238 \\\\ \n"
     ]
    }
   ],
   "source": [
    "a = 0\n",
    "b = 1\n",
    "lamb = -ALPHA - 0.6\n",
    "print(lamb)\n",
    "\n",
    "h = (b-a)/10\n",
    "\n",
    "s = []\n",
    "s.append(a + h/2)\n",
    "for i in range(1, 10):\n",
    "    s.append(s[i-1] + h)\n",
    "\n",
    "def myfunc(i, j):\n",
    "    return math.tanh(s[i]*s[j])*h\n",
    "\n",
    "print('A')\n",
    "\n",
    "for i in range(10):\n",
    "    row = ''\n",
    "    for j in range(10):\n",
    "        kek = myfunc(i, j)\n",
    "\n",
    "        if kek > 0:\n",
    "            row += locale.str((round(kek, 6))) + ' & '\n",
    "        else:\n",
    "            row += locale.str((round(kek, 5))) + ' & '\n",
    "    row = row[:-2]\n",
    "    row += '\\\\\\\\'\n",
    "    print(row)\n",
    "print()\n",
    "print()\n",
    "print('E+lambda*A')\n",
    "\n",
    "matrix = np.zeros((10, 10))\n",
    "for i in range(10):\n",
    "    row = ''\n",
    "    for j in range(10):\n",
    "        kek = myfunc(i, j)*lamb\n",
    "        if i==j:\n",
    "            kek += 1\n",
    "        matrix[i][j] = kek\n",
    "        if kek > 0:\n",
    "            row += locale.str((round(kek, 6))) + ' & '\n",
    "        else:\n",
    "            row += locale.str((round(kek, 5))) + ' & '\n",
    "    row = row[:-2]\n",
    "    row += '\\\\\\\\'\n",
    "    print(row)\n",
    "\n",
    "cheb_vector = np.zeros(10)\n",
    "for i in range(10):\n",
    "    for j in range(10):\n",
    "        cheb_vector[i] += abs(matrix[i][j])\n",
    "print('cheb = ', locale.str((round(max(cheb_vector), 6))))\n",
    "\n",
    "\n",
    "a = np.zeros(10)\n",
    "for i in range(10):\n",
    "    a[i] = 1\n",
    "vect_b = np.dot(matrix, a)\n",
    "str = \"\"\n",
    "for x in vect_b:\n",
    "    if x > 0:\n",
    "        str += locale.str(round(x, 6)) + ' \\\\\\\\ '\n",
    "    else:\n",
    "        str += locale.str(round(x, 5)) + ' \\\\\\\\ '\n",
    "print(\"b = \")\n",
    "print(str)\n",
    "\n",
    "delta_b = [1, -1, 1 , -1, 1, -1, 1, -1, 1, -1]\n",
    "for i in range(10):\n",
    "    delta_b[i] = delta_b[i]*vect_b[i]*0.01\n",
    "\n",
    "str = \"\"\n",
    "for x in delta_b:\n",
    "    if x > 0:\n",
    "        str += locale.str(round(x, 6)) + ' \\\\\\\\ '\n",
    "    else:\n",
    "        str += locale.str(round(x, 5)) + ' \\\\\\\\ '\n",
    "print(\"delta_b = \")\n",
    "print(str)\n",
    "\n",
    "b_full = []\n",
    "for i in range(10):\n",
    "    b_full.append(vect_b[i] + delta_b[i])\n",
    "\n",
    "str = \"\"\n",
    "for x in b_full:\n",
    "    if x > 0:\n",
    "        str += locale.str(round(x, 6)) + ' \\\\\\\\ '\n",
    "    else:\n",
    "        str += locale.str(round(x, 5)) + ' \\\\\\\\ '\n",
    "print(\"full_b = \")\n",
    "print(str)\n",
    "matrix_1 = matrix_power(matrix, -1)\n",
    "\n",
    "\n",
    "print()\n",
    "print()\n",
    "print('(E+lambda*A)^-1')\n",
    "for i in range(10):\n",
    "    row = ''\n",
    "    for j in range(10):\n",
    "        kek = matrix_1[i][j]\n",
    "        if kek > 0:\n",
    "            row += locale.str((round(kek, 6))) + ' & '\n",
    "        else:\n",
    "            row += locale.str((round(kek, 5))) + ' & '\n",
    "    row = row[:-2]\n",
    "    row += '\\\\\\\\'\n",
    "    print(row)\n",
    "\n",
    "\n",
    "cheb_vector = np.zeros(10)\n",
    "for i in range(10):\n",
    "    for j in range(10):\n",
    "        cheb_vector[i] += abs(matrix_1[i][j])\n",
    "print('cheb_1 = ', locale.str((round(max(cheb_vector), 6))))\n",
    "\n",
    "\n",
    "full_x = np.dot(matrix_1, b_full)\n",
    "str = \"\"\n",
    "for x in full_x:\n",
    "    if x > 0:\n",
    "        str += locale.str(round(x, 6)) + ' \\\\\\\\ '\n",
    "    else:\n",
    "        str += locale.str(round(x, 5)) + ' \\\\\\\\ '\n",
    "print(\"full_x = \")\n",
    "print(str)\n",
    "\n",
    "delta_x = []\n",
    "for i in range(10):\n",
    "    delta_x.append(full_x[i] - 1)\n",
    "\n",
    "str = \"\"\n",
    "for x in delta_x:\n",
    "    if x > 0:\n",
    "        str += locale.str(round(x, 6)) + ' \\\\\\\\ '\n",
    "    else:\n",
    "        str += locale.str(round(x, 5)) + ' \\\\\\\\ '\n",
    "print(\"delta_x = \")\n",
    "print(str)\n",
    "\n",
    "B = np.zeros((10, 10))\n",
    "for i in range(10):\n",
    "    for j in range(10):\n",
    "        B[i][j] = matrix[i][j]/b_full[i]\n",
    "\n",
    "print()\n",
    "print()\n",
    "print('B')\n",
    "for i in range(10):\n",
    "    row = ''\n",
    "    for j in range(10):\n",
    "        kek = B[i][j]\n",
    "        if kek > 0:\n",
    "            row += locale.str((round(kek, 6))) + ' & '\n",
    "        else:\n",
    "            row += locale.str((round(kek, 5))) + ' & '\n",
    "    row = row[:-2]\n",
    "    row += '\\\\\\\\'\n",
    "    print(row)\n",
    "\n",
    "print()\n",
    "print()\n",
    "print(\"B-1\")\n",
    "B_1 = matrix_power(B, -1)\n",
    "for i in range(10):\n",
    "    row = ''\n",
    "    for j in range(10):\n",
    "        kek = B_1[i][j]\n",
    "        if kek > 0:\n",
    "            row += locale.str((round(kek, 6))) + ' & '\n",
    "        else:\n",
    "            row += locale.str((round(kek, 5))) + ' & '\n",
    "    row = row[:-2]\n",
    "    row += '\\\\\\\\'\n",
    "    print(row)\n",
    "\n",
    "x_prime = np.dot(B_1, a)\n",
    "str = \"\"\n",
    "for x in x_prime:\n",
    "    if x > 0:\n",
    "        str += locale.str(round(x, 6)) + ' \\\\\\\\ '\n",
    "    else:\n",
    "        str += locale.str(round(x, 5)) + ' \\\\\\\\ '\n",
    "print(\"x_prime = \")\n",
    "print(str)"
   ]
  },
  {
   "cell_type": "code",
   "execution_count": null,
   "id": "f3621967",
   "metadata": {},
   "outputs": [],
   "source": []
  },
  {
   "cell_type": "code",
   "execution_count": null,
   "id": "dfc2e0ee",
   "metadata": {},
   "outputs": [],
   "source": []
  }
 ],
 "metadata": {
  "kernelspec": {
   "display_name": "Python 3 (ipykernel)",
   "language": "python",
   "name": "python3"
  },
  "language_info": {
   "codemirror_mode": {
    "name": "ipython",
    "version": 3
   },
   "file_extension": ".py",
   "mimetype": "text/x-python",
   "name": "python",
   "nbconvert_exporter": "python",
   "pygments_lexer": "ipython3",
   "version": "3.10.4"
  }
 },
 "nbformat": 4,
 "nbformat_minor": 5
}
